Jadyn Dangerfield
Optional Program 1: Vector Class
Spring 20243013 Advanced Algorithms and Structures


[34, 39, 11, 19, 66, 42]
[33, 41, 49, 56, 64, 70]
[2, 33, 41, 49, 55, 56, 64, 70, 23]
[34, 39, 11, 19, 66, 42, 2, 33, 41, 49, 55, 56, 64, 70, 23]
[19, 66, 42, 2, 33, 41, 49, 55, 56, 64, 70, 23]
11
[19, 66, 42, 2, 33, 41, 49, 55, 56]
64
[2, 33, 41, 55, 56, 64, 70, 23]
49
2
-1
[19, 66, 42, 2, 33, 41, 49, 55, 56]
[2, 33, 41, 55, 56, 64, 70, 23, 19, 66, 42, 2, 33, 41, 49, 55, 56]
[84, 53, 34, 93, 78, 86, 83, 85, 87, 26, 97, 1, 9, 28, 37, 36, 7, 2, 16, 95, 80, 29, 6, 50, 58, 2, 33, 41, 55, 56, 64, 70, 23, 19, 66, 42, 2, 33, 41, 49, 55, 56]
